cam0:
  cam_overlaps: [1, 2, 3, 4, 5]
  camera_model: omni
  distortion_coeffs: [-0.09137007016072765, -100.70288594600937, 0.014950856771717513,
    0.01007034100871168]
  distortion_model: radtan
  intrinsics: [7.759393464677762, 3350.2084288084557, 3349.8109263788415, 304.4085050134224,
    265.1661311678571]
  resolution: [640, 480]
  rostopic: /left1_image
cam1:
  T_cn_cnm1:
  - [0.9999914875313197, -0.0004970219346679734, 0.004096075451797306, -0.0595534418065131]
  - [0.0005113110575181715, 0.9999937855523331, -0.0034881825825176208, 0.001072564348151667]
  - [-0.004094316293695108, 0.003490247258143548, 0.9999855272693582, -6.705499520842514e-05]
  - [0.0, 0.0, 0.0, 1.0]
  cam_overlaps: [0, 2, 3, 4, 5]
  camera_model: omni
  distortion_coeffs: [-0.42847318489052105, -76.87853485381616, 0.004138142009509372,
    0.00017944987333348114]
  distortion_model: radtan
  intrinsics: [7.425722698392211, 3231.646605563582, 3231.3274104438415, 360.1224614958762,
    228.51418928627524]
  resolution: [640, 480]
  rostopic: /right1_image
cam2:
  T_cn_cnm1:
  - [0.010433663553611583, -0.0027035499061007773, -0.99994191305433, -0.023058968099418098]
  - [0.009737461548728127, 0.9999492045168352, -0.002601966320587677, 0.00297136590201169]
  - [0.9998981550675224, -0.009709747888161351, 0.010459459283885975, -0.025071599989358106]
  - [0.0, 0.0, 0.0, 1.0]
  cam_overlaps: [0, 1, 3, 7]
  camera_model: omni
  distortion_coeffs: [-0.47560758406014175, -62.33053371230357, 0.0037080500266288,
    0.006910556742989702]
  distortion_model: radtan
  intrinsics: [7.029204838908686, 3081.2695173335233, 3081.9938014219774, 344.4957048297489,
    226.42699598286052]
  resolution: [640, 480]
  rostopic: /left2_image
cam3:
  T_cn_cnm1:
  - [0.9994243977453217, 0.03366423298794513, -0.004194354387575381, -0.059606046356604395]
  - [-0.03367407737786046, 0.9994302233492253, -0.002298949512649198, 0.0012741597982178516]
  - [0.004114572170358932, 0.002438867246323715, 0.999988561045777, 0.00014530517670250927]
  - [0.0, 0.0, 0.0, 1.0]
  cam_overlaps: [0, 1, 2, 6, 7]
  camera_model: omni
  distortion_coeffs: [-0.0366325714512195, -74.50536940123666, 0.00701598818273903,
    0.015965548694872076]
  distortion_model: radtan
  intrinsics: [7.445237772136562, 3188.606153668818, 3188.944243555949, 343.59773965682035,
    212.71339858505644]
  resolution: [640, 480]
  rostopic: /right2_image
cam4:
  T_cn_cnm1:
  - [-0.9992916349685893, 0.037631167087591004, -0.00035149030209410053, -0.002056357938228704]
  - [0.03761212639560791, 0.9990084931919502, 0.02381928794807132, -0.0005526761270159614]
  - [0.0012474894017479236, 0.02378919489974658, -0.9997162187222018, -0.11029902314211879]
  - [0.0, 0.0, 0.0, 1.0]
  cam_overlaps: [0, 1, 5, 6, 7]
  camera_model: omni
  distortion_coeffs: [-0.31051111273097537, -84.03992517103717, 0.0029229527895770907,
    0.010470360347685732]
  distortion_model: radtan
  intrinsics: [7.209458882358427, 3144.6141201007604, 3144.711859012761, 300.5620373042506,
    254.07053044651903]
  resolution: [640, 480]
  rostopic: /left3_image
cam5:
  T_cn_cnm1:
  - [0.9998623380453838, 0.016537137958087554, 0.0013520453290518171, -0.06002842582730965]
  - [-0.01655316492566157, 0.9997803453719567, 0.012855105556659157, 0.0016717434567944328]
  - [-0.0011391616919817172, -0.012875716527020206, 0.9999164556274456, 0.0005619129292517495]
  - [0.0, 0.0, 0.0, 1.0]
  cam_overlaps: [0, 1, 4, 6, 7]
  camera_model: omni
  distortion_coeffs: [-0.475072580068762, -81.70663278442602, -0.016654643289974135,
    0.00671488975203105]
  distortion_model: radtan
  intrinsics: [7.094752052547421, 3114.750237643185, 3115.434205389231, 326.73504926902865,
    247.20256232117612]
  resolution: [640, 480]
  rostopic: /right3_image
cam6:
  T_cn_cnm1:
  - [-0.0002620664175369547, 0.0024032155653905575, 0.9999970779338121, 0.08154508649075369]
  - [0.030681022750591324, 0.9995263595309114, -0.0023940438350787685, 0.0010348513734104467]
  - [-0.9995291922521292, 0.030680305700120487, -0.0003356754037123766, -0.0840800025823322]
  - [0.0, 0.0, 0.0, 1.0]
  cam_overlaps: [3, 4, 5, 7]
  camera_model: omni
  distortion_coeffs: [-0.1693323908429895, -100.23291741675018, -0.0123371180811455,
    0.0021888971197398807]
  distortion_model: radtan
  intrinsics: [7.872342315365513, 3433.5554798702497, 3434.2102748326665, 269.72525339605113,
    227.54153768848957]
  resolution: [640, 480]
  rostopic: /left4_image
cam7:
  T_cn_cnm1:
  - [0.9999251714979649, 0.009568723187068496, -0.00762174135717351, -0.059903287480801176]
  - [-0.009634788837526132, 0.9999159192001317, -0.008679019195335109, 0.0009913551476205438]
  - [0.007538053382848465, 0.008751803625880277, 0.9999332896170985, -0.00031379564853051267]
  - [0.0, 0.0, 0.0, 1.0]
  cam_overlaps: [2, 3, 4, 5, 6]
  camera_model: omni
  distortion_coeffs: [-0.13243307593644152, -84.76533644637486, -0.0011701215636935522,
    0.0066313103417047]
  distortion_model: radtan
  intrinsics: [7.737940302195088, 3331.1347560741888, 3333.316062865073, 328.27568006781763,
    231.6531534423166]
  resolution: [640, 480]
  rostopic: /right4_image
