cam0:
  cam_overlaps: [1]
  camera_model: pinhole
  distortion_coeffs: [0.1870205306135927, -0.48707591927994753, -0.0007402108494208859,
    0.0007732128914656193]
  distortion_model: radtan
  intrinsics: [700.4663116171013, 700.1509796313054, 339.0690010867336, 209.2266449275627]
  resolution: [640, 480]
  rostopic: left3_image
cam1:
  T_cn_cnm1:
  - [0.9998739042242625, -0.015172105774517067, 0.004688588028678181, 0.06983750058242041]
  - [0.01518177412279257, 0.9998826825547036, -0.002033435934515107, 0.0008948538324121087]
  - [-0.00465718647042443, 0.0021043606112397476, 0.9999869410550335, 0.00025549978983617966]
  - [0.0, 0.0, 0.0, 1.0]
  cam_overlaps: [0]
  camera_model: pinhole
  distortion_coeffs: [0.17651003175732105, -0.4963870852685627, -0.000570038549907828,
    0.00016249072901392832]
  distortion_model: radtan
  intrinsics: [706.2585826165327, 706.3083344790065, 291.5352025894698, 256.40667256787685]
  resolution: [640, 480]
  rostopic: right3_image
