cam0:
  cam_overlaps: [1]
  camera_model: pinhole
  distortion_coeffs: [0.1726743636512796, -0.5155795641361406, -0.0002507022554901042,
    0.0012770910555783468]
  distortion_model: radtan
  intrinsics: [709.0125567614468, 709.067810953727, 285.7223245370698, 247.1775309615266]
  resolution: [640, 480]
  rostopic: left2_image
cam1:
  T_cn_cnm1:
  - [0.9999789083319957, -0.004428209590602337, 0.004751194688110139, 0.06974577342682281]
  - [0.004422175652176931, 0.9999894032602886, 0.0012797381081680543, 0.000586130340740912]
  - [-0.004756811289500778, -0.001258700498888236, 0.9999878941364253, -0.00016738293183193588]
  - [0.0, 0.0, 0.0, 1.0]
  cam_overlaps: [0]
  camera_model: pinhole
  distortion_coeffs: [0.16876991754590095, -0.47720117725578876, 0.0002400730169100441,
    0.00030714036254363136]
  distortion_model: radtan
  intrinsics: [704.2273056326986, 704.183494782309, 306.36469855164626, 276.67474905643627]
  resolution: [640, 480]
  rostopic: right2_image
