cam0:
  cam_overlaps: [1]
  camera_model: pinhole
  distortion_coeffs: [0.2054438090874458, -0.584197736267093, 0.0005288283456894953,
    0.0008233862985648016]
  distortion_model: radtan
  intrinsics: [719.4109776737532, 719.178574302738, 326.7037207824738, 264.91997734556656]
  resolution: [640, 480]
  rostopic: /left1_image
cam1:
  T_cn_cnm1:
  - [0.999969459215885, -0.007646336587176866, 0.0016168402178779776, -0.06978143597744034]
  - [0.00764999871487731, 0.9999681593768908, -0.0022710684841014523, 0.0002303641587461378]
  - [-0.001599423382636, 0.0022833679494780926, 0.9999961140302768, 8.463242502071681e-05]
  - [0.0, 0.0, 0.0, 1.0]
  cam_overlaps: [0]
  camera_model: pinhole
  distortion_coeffs: [0.19851289159333937, -0.5405184871433385, 0.00046288333306016455,
    -0.00024881490080865383]
  distortion_model: radtan
  intrinsics: [715.7614508077787, 715.7120227015258, 358.3403876006685, 238.02192064521984]
  resolution: [640, 480]
  rostopic: /right1_image
