cam0:
  cam_overlaps: [1]
  camera_model: pinhole
  distortion_coeffs: [0.18316878550627488, -0.5457321670675013, -1.5990861048584986e-05,
    0.00019669746943547177]
  distortion_model: radtan
  intrinsics: [706.3898429189875, 706.3343562368018, 320.1551257107461, 217.2439807297244]
  resolution: [640, 480]
  rostopic: left1_image
cam1:
  T_cn_cnm1:
  - [0.9999660970243422, -0.007756345389937065, 0.0027647618515177536, 0.06987459320099514]
  - [0.007750703061902566, 0.9999678703274683, 0.002045706429004361, -0.00034902962484082214]
  - [-0.002780540226254609, -0.002024208225321106, 0.9999940855710651, 0.00021121892879778995]
  - [0.0, 0.0, 0.0, 1.0]
  cam_overlaps: [0]
  camera_model: pinhole
  distortion_coeffs: [0.17414663507649752, -0.4954333360282948, 0.0001429422874936654,
    0.0003529886556085429]
  distortion_model: radtan
  intrinsics: [703.0842918202726, 703.3223145753828, 283.1907302181332, 244.3856847946036]
  resolution: [640, 480]
  rostopic: right1_image
