cam1:
  cam_overlaps: [1]
  camera_model: pinhole
  distortion_coeffs: [0.19952435053516498, -0.5489673868176196, 0.0008706911918159911,
    0.0001328411316024568]
  distortion_model: radtan
  intrinsics: [715.4535178180525, 715.4929944082356, 282.81382740332356, 245.5711319443281]
  resolution: [640, 480]
  rostopic: /right1_image
  T_cn_cnm1:
  - [0.999975138064741, 0.007035339236349742, -0.0004767118915176196, -0.06979438890651977]
  - [-0.007036183770318335, 0.9999736370504511, -0.0017936895046833515, 0.0008127831104135858]
  - [0.0004640801098359475, 0.001796999142565229, 0.9999982777103815, 4.805404150501447e-06]
  - [0.0, 0.0, 0.0, 1.0]
cam0:
  cam_overlaps: [0]
  camera_model: pinhole
  distortion_coeffs: [0.20521746849186673, -0.5899625217344293, 0.0005686364678380338,
    -2.975251265803856e-05]
  distortion_model: radtan
  intrinsics: [719.3089037069104, 719.115153761258, 318.088829502014, 218.31092215284914]
  resolution: [640, 480]
  rostopic: /left1_image
