cam0:
  cam_overlaps: [1]
  camera_model: pinhole
  distortion_coeffs: [0.18555787879280292, -0.5069959140095189, 0.00048381037133487923,
    0.00038978118581710217]
  distortion_model: radtan
  intrinsics: [701.7694101571144, 701.6497187821941, 353.95227701062737, 241.22570417999557]
  resolution: [640, 480]
  rostopic: left4_image
cam1:
  T_cn_cnm1:
  - [0.9999401382107642, -0.010081798233362608, 0.004251745455098755, 0.06967805216638838]
  - [0.010093491989820536, 0.9999453111337553, -0.0027379118072348024, -0.0007334150192006071]
  - [-0.004223909857538982, 0.0027806628696290534, 0.9999872131680067, 0.0003691198617602843]
  - [0.0, 0.0, 0.0, 1.0]
  cam_overlaps: [0]
  camera_model: pinhole
  distortion_coeffs: [0.17424428010372314, -0.45914233312470293, -0.0014773768157085344,
    0.002045488480113845]
  distortion_model: radtan
  intrinsics: [696.0568220994754, 695.9867607643328, 292.06247619057865, 289.45552562023494]
  resolution: [640, 480]
  rostopic: right4_image
