cam0:
  cam_overlaps: [1]
  camera_model: pinhole
  distortion_coeffs: [0.20598522265826036, -0.5473147227355737, 7.401671476823488e-05,
    0.0004834590152802729]
  distortion_model: radtan
  intrinsics: [714.080171142331, 713.8269384757784, 354.6805100842775, 231.15535862844536]
  resolution: [640, 480]
  rostopic: /cam0_image
cam1:
  T_cn_cnm1:
  - [0.9999342436924432, 0.010743268900318754, -0.004011292130491087, -0.06004832409620447]
  - [-0.01071857159053673, 0.9999237739461394, 0.006128500662268307, 0.00013744886616364602]
  - [0.004076826496091629, -0.006085102352822675, 0.9999731751477514, -3.2729252219435615e-05]
  - [0.0, 0.0, 0.0, 1.0]
  cam_overlaps: [0]
  camera_model: pinhole
  distortion_coeffs: [0.20903424718374491, -0.5886028166976639, 0.0004303693631378901,
    0.002286153011100625]
  distortion_model: radtan
  intrinsics: [714.2181207868493, 713.6100336519816, 281.7609014814062, 241.5935332482651]
  resolution: [640, 480]
  rostopic: /cam1_image
cam2:
  T_cn_cnm1:
  - [0.010433663553611583, -0.0027035499061007773, -0.99994191305433, -0.023058968099418098]
  - [0.009737461548728127, 0.9999492045168352, -0.002601966320587677, 0.00297136590201169]
  - [0.9998981550675224, -0.009709747888161351, 0.010459459283885975, -0.025071599989358106]
  - [0.0, 0.0, 0.0, 1.0]
  cam_overlaps: [1]
  camera_model: pinhole
  distortion_coeffs: [0.20358226371883387, -0.5377786349287564, 0.0009686146785036321,
    0.001044370002481616]
  distortion_model: radtan
  intrinsics: [714.2052277137966, 713.6501461587362, 360.7761759971025, 234.56274202334248]
  resolution: [640, 480]
  rostopic: /cam2_image
cam3:
  T_cn_cnm1:
  - [0.9998042040222498, -0.01953467320996752, -0.0031543877390001283, -0.05968212693660029]
  - [0.019547671952595876, 0.9998003380451151, 0.004143979500421564, 0.0002764403851567625]
  - [0.003072806642448166, -0.004204829062636783, 0.9999864385439858, -0.0002401083683437987]
  - [0.0, 0.0, 0.0, 1.0]
  cam_overlaps: [0]
  camera_model: pinhole
  distortion_coeffs: [0.20654850662185523, -0.5641190994392342, -0.0003069511087370493,
    0.000465031564337273]
  distortion_model: radtan
  intrinsics: [715.2918537208036, 714.6340779344216, 336.89278194187153, 205.6409579268428]
  resolution: [640, 480]
  rostopic: /cam3_image
acc_bias:
- [-0.1591058804190976]
- [0.130903157875341]
- [0.7617660483063874]
gyro_bias:
- [0.01647741006637702]
- [0.030639745407631695]
- [-0.00037574649784818487]
