CameraParameters1:
  DistortionModel: plumb_bob
  FocalLength: [269.88072642892126, 270.7928913406742]
  PrincipalPoint: [167.64457606565801, 122.5879905165642]
  RadialDistortion: [-0.40889022417979676, 0.2396710989138047, -0.09913001944378817]
  TangentialDistortion: [0.0, 0.0]
CameraParameters2:
  DistortionModel: plumb_bob
  FocalLength: [270.5771908976326, 271.5584519472805]
  PrincipalPoint: [156.21273250220466, 121.57079467014147]
  RadialDistortion: [-0.4054505729921223, 0.24119264328688275, -0.11346884133812239]
  TangentialDistortion: [0.0, 0.0]
CameraParameters3:
  DistortionModel: plumb_bob
  FocalLength: [269.88072642892126, 270.7928913406742]
  PrincipalPoint: [167.64457606565801, 122.5879905165642]
  RadialDistortion: [-0.40889022417979676, 0.2396710989138047, -0.09913001944378817]
  TangentialDistortion: [0.0, 0.0]
CameraParameters4:
  DistortionModel: plumb_bob
  FocalLength: [269.88072642892126, 270.7928913406742]
  PrincipalPoint: [167.64457606565801, 122.5879905165642]
  RadialDistortion: [-0.40889022417979676, 0.2396710989138047, -0.09913001944378817]
  TangentialDistortion: [0.0, 0.0]
CameraParameters5:
  DistortionModel: plumb_bob
  FocalLength: [269.88072642892126, 270.7928913406742]
  PrincipalPoint: [167.64457606565801, 122.5879905165642]
  RadialDistortion: [-0.40889022417979676, 0.2396710989138047, -0.09913001944378817]
  TangentialDistortion: [0.0, 0.0]
CameraParameters6:
  DistortionModel: plumb_bob
  FocalLength: [269.88072642892126, 270.7928913406742]
  PrincipalPoint: [167.64457606565801, 122.5879905165642]
  RadialDistortion: [-0.40889022417979676, 0.2396710989138047, -0.09913001944378817]
  TangentialDistortion: [0.0, 0.0]
CameraParameters7:
  DistortionModel: plumb_bob
  FocalLength: [269.88072642892126, 270.7928913406742]
  PrincipalPoint: [167.64457606565801, 122.5879905165642]
  RadialDistortion: [-0.40889022417979676, 0.2396710989138047, -0.09913001944378817]
  TangentialDistortion: [0.0, 0.0]
CameraParameters8:
  DistortionModel: plumb_bob
  FocalLength: [269.88072642892126, 270.7928913406742]
  PrincipalPoint: [167.64457606565801, 122.5879905165642]
  RadialDistortion: [-0.40889022417979676, 0.2396710989138047, -0.09913001944378817]
  TangentialDistortion: [0.0, 0.0]
R_ci:
- [1, 0, 0]
- [0, 1, 0]
- [0, 0, 1]
R_lr:
- [0.9999887614212423, -0.0007910264327011623, -0.00467453830797503]
- [0.0007959441331615958, 0.9999991317217285, 0.001050251744073129]
- [0.0046737034722844385, -0.0010539606120776464, 0.9999885227655773]
R_rl:
- [0.9999887614212423, 0.0007959441331615958, 0.0046737034722844385]
- [-0.0007910264327011623, 0.9999991317217285, -0.0010539606120776464]
- [-0.00467453830797503, 0.001050251744073129, 0.9999885227655773]
acc_bias:
- [124.77335405317342]
- [-114.875468081723]
- [-115.3589270592688]
gyro_bias:
- [13.373309717788086]
- [-13.264677420243636]
- [-14.27841042853021]
r_lr:
- [0]
- [0]
- [0]
t_ci:
- [0]
- [0]
- [0]
time_shift: 0
